[Variables]
ercf_calib_0 = 1.0
ercf_calib_1 = 1.00143489395
ercf_calib_10 = 1.0
ercf_calib_11 = 1.0
ercf_calib_2 = 1.0041810591
ercf_calib_3 = 1.0
ercf_calib_4 = 1.0
ercf_calib_5 = 1.0
ercf_calib_6 = 1.00385121882
ercf_calib_7 = 1.0
ercf_calib_8 = 1.0
ercf_calib_9 = 1.0
ercf_calib_ref = 955.208112

